1
1
1 29 50
79
1 50 50
1 9 0
2 45 0
2 48 0
2 8 0
1 1 0
2 36 0
1 33 0
2 27 0
1 46 0
2 5 0
2 28 0
1 16 0
1 41 0
2 43 0
2 8 0
1 46 0
2 11 0
2 20 0
2 38 0
1 38 0
1 47 0
1 8 0
1 37 0
2 39 0
2 0 0
2 35 0
2 30 0
1 16 0
2 17 0
1 29 0
2 19 0
2 40 0
1 32 0
2 36 0
1 40 0
2 9 0
2 36 0
2 44 0
2 1 0
1 14 0
2 21 0
2 50 0
1 42 0
1 25 0
2 40 0
1 11 0
2 29 0
1 31 0
1 17 0
2 35 0
1 46 0
2 39 0
2 23 0
1 21 0
2 5 0
1 14 0
2 8 0
2 13 0
2 16 0
1 7 0
1 2 0
2 11 0
1 41 0
2 13 0
2 49 0
2 39 0
2 3 0
2 8 0
1 22 0
1 22 0
1 17 0
2 22 0
2 9 0
1 18 0
1 10 0
1 47 0
1 50 0
2 20 0
